[[[[ 0.02777778  0.02777778  0.02777778 ...,  0.02777778  0.02777778
     0.02777778]
   [ 0.02777778  0.02777778  0.02777778 ...,  0.02777778  0.02777778
     0.02777778]
   [ 0.02777778  0.02777778  0.02777778 ...,  0.02777778  0.02777778
     0.02777778]
   [ 0.02777778  0.02777778  0.02777778 ...,  0.02777778  0.02777778
     0.02777778]
   [ 0.02777778  0.02777778  0.02777778 ...,  0.02777778  0.02777778
     0.02777778]]

  [[ 0.01515152  0.01515152  0.01515152 ...,  0.01515152  0.01515152
     0.01515152]
   [ 0.02777778  0.02777778  0.02777778 ...,  0.02777778  0.02777778
     0.02777778]
   [ 0.02777778  0.02777778  0.02777778 ...,  0.02777778  0.02777778
     0.02777778]
   [ 0.02777778  0.02777778  0.02777778 ...,  0.02777778  0.02777778
     0.02777778]
   [ 0.02777778  0.02777778  0.02777778 ...,  0.02777778  0.02777778
     0.02777778]]

  [[ 0.02777778  0.02777778  0.02777778 ...,  0.02777778  0.02777778
     0.02777778]
   [ 0.00641026  0.00641026  0.00641026 ...,  0.07051282  0.07051282
     0.07051282]
   [ 0.02777778  0.02777778  0.02777778 ...,  0.02777778  0.02777778
     0.02777778]
   [ 0.02777778  0.02777778  0.02777778 ...,  0.02777778  0.02777778
     0.02777778]
   [ 0.02777778  0.02777778  0.02777778 ...,  0.02777778  0.02777778
     0.02777778]]]


 [[[ 0.02777778  0.02777778  0.02777778 ...,  0.02777778  0.02777778
     0.02777778]
   [ 0.02777778  0.02777778  0.02777778 ...,  0.02777778  0.02777778
     0.02777778]
   [ 0.02777778  0.02777778  0.02777778 ...,  0.02777778  0.02777778
     0.02777778]
   [ 0.02777778  0.02777778  0.02777778 ...,  0.02777778  0.02777778
     0.02777778]
   [ 0.02777778  0.02777778  0.02777778 ...,  0.02777778  0.02777778
     0.02777778]]

  [[ 0.02777778  0.02777778  0.02777778 ...,  0.02777778  0.02777778
     0.02777778]
   [ 0.02777778  0.02777778  0.02777778 ...,  0.02777778  0.02777778
     0.02777778]
   [ 0.02777778  0.02777778  0.02777778 ...,  0.02777778  0.02777778
     0.02777778]
   [ 0.02777778  0.02777778  0.02777778 ...,  0.02777778  0.02777778
     0.02777778]
   [ 0.02777778  0.02777778  0.02777778 ...,  0.02777778  0.02777778
     0.02777778]]

  [[ 0.02777778  0.02777778  0.02777778 ...,  0.02777778  0.02777778
     0.02777778]
   [ 0.02777778  0.02777778  0.02777778 ...,  0.02777778  0.02777778
     0.02777778]
   [ 0.02777778  0.02777778  0.02777778 ...,  0.02777778  0.02777778
     0.02777778]
   [ 0.02777778  0.02777778  0.02777778 ...,  0.02777778  0.02777778
     0.02777778]
   [ 0.02777778  0.02777778  0.02777778 ...,  0.02777778  0.02777778
     0.02777778]]]


 [[[ 0.02777778  0.02777778  0.02777778 ...,  0.02777778  0.02777778
     0.02777778]
   [ 0.02777778  0.02777778  0.02777778 ...,  0.02777778  0.02777778
     0.02777778]
   [ 0.02777778  0.02777778  0.02777778 ...,  0.02777778  0.02777778
     0.02777778]
   [ 0.02777778  0.02777778  0.02777778 ...,  0.02777778  0.02777778
     0.02777778]
   [ 0.02777778  0.02777778  0.02777778 ...,  0.02777778  0.02777778
     0.02777778]]

  [[ 0.01041667  0.01041667  0.01041667 ...,  0.01041667  0.01041667
     0.01041667]
   [ 0.01515152  0.01515152  0.01515152 ...,  0.01515152  0.01515152
     0.01515152]
   [ 0.02777778  0.02777778  0.02777778 ...,  0.02777778  0.02777778
     0.02777778]
   [ 0.02777778  0.02777778  0.02777778 ...,  0.02777778  0.02777778
     0.02777778]
   [ 0.02777778  0.02777778  0.02777778 ...,  0.02777778  0.02777778
     0.02777778]]

  [[ 0.02777778  0.02777778  0.02777778 ...,  0.02777778  0.02777778
     0.02777778]
   [ 0.02777778  0.02777778  0.02777778 ...,  0.02777778  0.02777778
     0.02777778]
   [ 0.02777778  0.02777778  0.02777778 ...,  0.02777778  0.02777778
     0.02777778]
   [ 0.02777778  0.02777778  0.02777778 ...,  0.02777778  0.02777778
     0.02777778]
   [ 0.02777778  0.02777778  0.02777778 ...,  0.02777778  0.02777778
     0.02777778]]]


 [[[ 0.02777778  0.02777778  0.02777778 ...,  0.02777778  0.02777778
     0.02777778]
   [ 0.02777778  0.02777778  0.02777778 ...,  0.02777778  0.02777778
     0.02777778]
   [ 0.01515152  0.01515152  0.01515152 ...,  0.01515152  0.01515152
     0.01515152]
   [ 0.02777778  0.02777778  0.02777778 ...,  0.02777778  0.02777778
     0.02777778]
   [ 0.01515152  0.01515152  0.01515152 ...,  0.01515152  0.01515152
     0.01515152]]

  [[ 0.02777778  0.02777778  0.02777778 ...,  0.02777778  0.02777778
     0.02777778]
   [ 0.02777778  0.02777778  0.02777778 ...,  0.02777778  0.02777778
     0.02777778]
   [ 0.02777778  0.02777778  0.02777778 ...,  0.02777778  0.02777778
     0.02777778]
   [ 0.02777778  0.02777778  0.02777778 ...,  0.02777778  0.02777778
     0.02777778]
   [ 0.02777778  0.02777778  0.02777778 ...,  0.02777778  0.02777778
     0.02777778]]

  [[ 0.02777778  0.02777778  0.02777778 ...,  0.02777778  0.02777778
     0.02777778]
   [ 0.02777778  0.02777778  0.02777778 ...,  0.02777778  0.02777778
     0.02777778]
   [ 0.02777778  0.02777778  0.02777778 ...,  0.02777778  0.02777778
     0.02777778]
   [ 0.02777778  0.02777778  0.02777778 ...,  0.02777778  0.02777778
     0.02777778]
   [ 0.02777778  0.02777778  0.02777778 ...,  0.02777778  0.02777778
     0.02777778]]]


 [[[ 0.02777778  0.02777778  0.02777778 ...,  0.02777778  0.02777778
     0.02777778]
   [ 0.02777778  0.02777778  0.02777778 ...,  0.02777778  0.02777778
     0.02777778]
   [ 0.02777778  0.02777778  0.02777778 ...,  0.02777778  0.02777778
     0.02777778]
   [ 0.02777778  0.02777778  0.02777778 ...,  0.02777778  0.02777778
     0.02777778]
   [ 0.02777778  0.02777778  0.02777778 ...,  0.02777778  0.02777778
     0.02777778]]

  [[ 0.02777778  0.02777778  0.02777778 ...,  0.02777778  0.02777778
     0.02777778]
   [ 0.01315789  0.01315789  0.01315789 ...,  0.01315789  0.01315789
     0.01315789]
   [ 0.02777778  0.02777778  0.02777778 ...,  0.02777778  0.02777778
     0.02777778]
   [ 0.02777778  0.02777778  0.02777778 ...,  0.02777778  0.02777778
     0.02777778]
   [ 0.02777778  0.02777778  0.02777778 ...,  0.02777778  0.02777778
     0.02777778]]

  [[ 0.02777778  0.02777778  0.02777778 ...,  0.02777778  0.02777778
     0.02777778]
   [ 0.11458334  0.11458334  0.11458334 ...,  0.01041667  0.01041667
     0.01041667]
   [ 0.02777778  0.02777778  0.02777778 ...,  0.02777778  0.02777778
     0.02777778]
   [ 0.02777778  0.02777778  0.02777778 ...,  0.02777778  0.02777778
     0.02777778]
   [ 0.02777778  0.02777778  0.02777778 ...,  0.02777778  0.02777778
     0.02777778]]]]