0 1
2 3 4
5 6 7 8
9 10
11 12
13 14
12 15
16 17 18
19 20
21 22 23
12 24
25 26
27 28 29 15
30 31
32 33 30
34 35 36
37 38 39
40 41
42 1 42 43
44 27 45
17 10 46 47 48 49
50 51 52
12 53
40 41
54 55
56 57 58
39 59 60 29
29 39 61
29 62
29 63 64 65
29 66
67 29
58 68
69 70 71
39 72
69 73
74 75
29 76
76 29
76 29
76 29
29 77
29 78 76
29 76
76 79
21 69
76 80
29 81
69 76
82 76
83 84 29 77 29 85 86
59 76
87 88
89 29 90
91 92
69 76
93 94
39 95 27 96 97 98
74 99 100
101 91 102
103 76
104 76
28 105 106 107
76 79
108 109 110
111 112
110 113
114 76
115 29 116
117 118 119
120 121 122
123 124
74 125
113 126 33 40 127 128
129 80
113 130 131
132 133
134 134
113 135 136 137
138 139
113 135 84
74 140
139 141
60 139 142
113 143
113 70
139 113 139
144 145
146 133
147 148
113 149
56 150
75 135
113 134
151 152 153
154 155 154
88 139
113 156 139
113 113 136 139
56 113
157 137
158 137
113 159 27
113 139
69 160 161 162
113 139
88 70
163 164
124 135
165 166
167 168
169 170
74 27 171 135
27 74 27 153 172
173 174
74 175 176 177
173 174
178 179 113
180 181
182 177
183 28
184 135
27 185
186 187
188 189
190 113 136
191 192
193 194
74 27 171 135
74 195 196
74 197 135 198 28
74 197 199 135 198 28
200 74 28 201 73
195 202
177 203
204 28 205
206 207 208 209
176 135 207 210 211
212 204 213
214 215 195 216 217 218
29 76
214 111 219 74 177
220 221
165 166
124 193 222
74 223 224
225 40 226 227
74 21 228 229 230
40 231
232 121 233 234 235 140
236 215 72
237 28
238 70 239
240 241
242 243 244 245 227 246
165 166
72 72
238 232 121
247 248
227 227 40 249 159
250 251
70 71 252
74 39 204 206 253 254
255 256 257
238 258 259
27 260 197
225 74
261 262
27 263
259 259
74 264
74 265
79 266 73
69 267
268 269 270
69 271 272 273 274
275 276
88 155 277 270
21 238
144 278
279 88
113 29 39
69 280
21 74
281 282
283 74
247 279 88
283 281 282
247 279 74 88
74 247 279 284
29 285
286 287
29 288
289 69 290 288 291 292
293 206 294 295
113 296
297 247 298
74 79
29 299
29 288
300 1 116 301
302 246
303 304 305 306
206 307 308
309 88 15
310 311
88 312
294 295
296 313
314 315
167 311
74 316 247 280
314 317 318 319
320 321
322 323
324 325 314
326 314
117 88
37 294 327
328 329 330
328 326
331 332
333 334
335 336 337
338 328
339 340
287 242 341 342
242 280
37 343
242 341
344 21
345 346
332 347 331
348 349 335
350 339 280
331 332
247 351 352 353 2 354
331 332
355 79 72
356 357
358 15
359 23 360
361 59
88 76
362 167 176
331 363 364
88 15
365 247
296 287 366
88 367
368 369
370 371
117 372
88 373 76
374 375 376 377 378
379 380
376 381
113 376
362 88 382
296 376 383
384 385
386 387
386 247 387 194 194 194 194 194
247 388
389 390 188
247 391
392 393
394 247
236 344
395 396
362 88
362 397 79
395 398
395 399
362 88
387 400
401 21
362 402
403 110
362 404 405
113 69 21 406
88 407
362 408
362 397
362 88
88 279
69 39
21 188
21 409
410 411
410 411
412 413 344 414
